set title "VVER-1000 Burnup Calculation"

% --- Fuel pin with BA

pin 5
fuelGD  0.3785
clad    0.455
water

% --- Fuel pin:

pin 1
fuel    0.3785
clad    0.455
water

% --- Tube:

pin 2
water   0.545
clad    0.63
water

% --- central tube:

pin 3
water   0.545
clad    0.63
water

% --- empty lattice position:

pin 4
water

% --- Lattice (type = 2, pitch = 1.275 cm):

lat 10 3 0.0 0.0 23 23 1.275
4 4 4 4 4 4 4 4 4 4 4 4 4 4 4 4 4 4 4 4 4 4 4
 4 4 4 4 4 4 4 4 4 4 4 1 1 1 1 1 1 1 1 1 1 1 4
  4 4 4 4 4 4 4 4 4 4 1 1 1 1 5 1 1 1 5 1 1 1 4
   4 4 4 4 4 4 4 4 4 1 1 5 1 1 1 5 1 1 1 5 1 1 4
    4 4 4 4 4 4 4 4 1 5 1 1 1 1 1 1 5 1 1 1 1 1 4
     4 4 4 4 4 4 4 1 1 1 1 1 5 1 2 1 1 1 1 1 5 1 4
      4 4 4 4 4 4 1 1 1 1 1 2 1 1 1 1 2 5 1 1 1 1 4
       4 4 4 4 4 1 1 5 1 1 1 1 5 1 1 1 1 1 1 5 1 1 4
        4 4 4 4 1 5 1 1 2 1 1 1 1 2 1 5 1 2 1 1 1 1 4
         4 4 4 1 1 1 1 1 1 1 2 5 1 5 1 1 1 1 1 1 5 1 4
          4 4 1 1 1 1 5 1 5 1 1 1 1 1 2 1 1 1 1 1 1 1 4
           4 1 1 5 1 1 2 1 1 5 1 3 1 5 1 1 2 1 1 5 1 1 4
            4 1 1 1 1 1 1 1 2 1 1 1 1 1 5 1 5 1 1 1 1 4 4
             4 1 5 1 1 1 1 1 1 5 1 5 2 1 1 1 1 1 1 1 4 4 4
              4 1 1 1 1 2 1 5 1 2 1 1 1 1 2 1 1 5 1 4 4 4 4
               4 1 1 5 1 1 1 1 1 1 5 1 1 1 1 5 1 1 4 4 4 4 4
                4 1 1 1 1 5 2 1 1 1 1 2 1 1 1 1 1 4 4 4 4 4 4
                 4 1 5 1 1 1 1 1 2 1 5 1 1 1 1 1 4 4 4 4 4 4 4
                  4 1 1 1 1 1 5 1 1 1 1 1 1 5 1 4 4 4 4 4 4 4 4
                   4 1 1 5 1 1 1 5 1 1 1 5 1 1 4 4 4 4 4 4 4 4 4
                    4 1 1 1 5 1 1 1 5 1 1 1 1 4 4 4 4 4 4 4 4 4 4
                     4 1 1 1 1 1 1 1 1 1 1 1 4 4 4 4 4 4 4 4 4 4 4
                      4 4 4 4 4 4 4 4 4 4 4 4 4 4 4 4 4 4 4 4 4 4 4

% --- Surfaces (assembly pitch= 23.51 cm):

surf 1   hexxc   0.0   0.0   11.6  % Shroud tube inner radius
surf 3   pz      -176.5
surf 4   pz       176.5

% --- Cells: 

cell  11 0 fill 10        -1   3 -4  
cell  15 0 outside         1   3 -4  
cell  16 0 outside            -3
cell  17 0 outside                4   

% --- Fuel material (4.4 wt-% enriched uranium), density 10.4 g/cm3:

mat fuel     sum tmp 1000.0 rgb 240 240 100 burn 1
92235.09c    0.001136785481 
92238.09c    0.022062918222
 8016.09c    0.046399407407

% --- Fuel with burnable absorber (4.4 wt-% enriched uranium and 1.5 wt-% enriched gadolinium), density 10.35 g/cm3: 

mat fuelGD   sum tmp 1000.0 rgb 150 255 150 burn 1
92235.09c    0.001089040491
92238.09c    0.021136275657
 8016.09c    0.044450632296
64152.09c    0.000002903003
64154.09c    0.000030481531
64155.09c    0.000214822216
64156.09c    0.000299009301
64157.09c    0.000227159979
64158.09c    0.000359972363
64160.09c    0.000316427319
 
mat clad     sum tmp 608 rgb 150 150 150
40000.03c    0.021226164946
41093.03c    0.000214405707

% --- Water:

mat water    sum tmp 587 moder lwtr 1001 rgb 200 200 255
1001.03c     0.046597943333
8016.03c     0.023298971667

therm lwtr 587 lwe7.10t lwe7.14t

% --- Boundary condition (reflective):

set bc 2

% --- Neutron population and criticality cycles:

set pop 20000 100 20

% --- Geometry and mesh plots:

plot 3 1000 1000

plot 33 1000 1000 

plot 2 1000 1000

%mesh 3 1000 1000

%mesh 2 1000 1000

div fuel  sep 1 

set mcvol 10000000

set inventory
922350
922380
 80160
922360
430990
451030
471090
481130
541350
621490
621510
631550
641520
641540
641550
641560
641570
641580
641600
932370
932390
942380
942390
942400
942410
942420
952410
952430
962420
962440
962450
621520
541310
551330
601450
601430
611470
420950
551340
591410
611480
451050
611490
360830
441010
461050
551350
621500
631510
631530
631540
641540
952420
962430 
681620
681640
681660
681670
681680
681700
 
set pcc leli 10 10

set powdens 35.719847E-3
 
dep daytot 

10.000
20.000
30.000
40.000
50.000
60.000
70.000
80.000
90.000
100.000
110.000
120.000
130.000
140.000
150.000
160.000
170.000
180.000
190.000
200.000
210.000
220.000
230.000
240.000
250.000
260.000
270.000
280.000
290.000
300.000
310.000
320.000
330.000
340.000
350.000
360.000
370.000
380.000
390.000
400.000
410.000
420.000
430.000
440.000
450.000
460.000
470.000
480.000
490.000
500.000
510.000
520.000
530.000
540.000
550.000
560.000
570.000
580.000
590.000
600.000
610.000
620.000
630.000
640.000
650.000
660.000
670.000
680.000
690.000
700.000
710.000
720.000
730.000
740.000
750.000
760.000
770.000
780.000
790.000
800.000
810.000
820.000
830.000
840.000
850.000
860.000
870.000
880.000
890.000
900.000
910.000
920.000
930.000
940.000
950.000
960.000
970.000
980.000
990.000
1000.000
1010.000
1020.000
1030.000
1040.000
1050.000
1060.000
1070.000
1080.000
1090.000
1100.000
1110.000
1120.000
1130.000
1140.000
1150.000
1160.000
1170.000
1180.000
1190.000
1200.000
1210.000
1220.000
1230.000
1240.000
1250.000
1260.000
1270.000
1280.000
1290.000
1300.000
1310.000
1320.000
1330.000
1340.000
1350.000
1360.000
1370.000
1380.000
1390.000
1400.000
1410.000
1420.000
1430.000
1440.000

% --- Decay data library:

set declib "/home/SHARED/Serpent/xsdata/ENDFB7/sss_endfb7.dec"

% --- Neutron induced fission yield library:

set nfylib "/home/SHARED/Serpent/xsdata/ENDFB7/sss_endfb7.nfy"

% --- library

set acelib "/home/SHARED/Serpent/xsdata/ENDFB7/sss_endfb7.xsdata" 